date            discharge_Q
1993-03-04	49.9	47.90	45.90	43.90
1993-03-05	46.5	44.50	42.50	40.50
1993-03-06	44	42.00	40.00	38.00
1993-03-07	44	42.00	40.00	38.00
1993-03-08	43.4	41.40	39.40	37.40
1993-03-09	42.7	40.70	38.70	36.70
1993-03-10	42.1	40.10	38.10	36.10
1993-03-11	42.1	40.10	38.10	36.10
1993-03-12	40.9	38.90	36.90	34.90
1993-03-13	40.9	38.90	36.90	34.90
1993-03-14	41.5	39.50	37.50	35.50
1993-03-15	40.9	38.90	36.90	34.90
1993-03-16	39.7	37.70	35.70	33.70
1993-03-17	42.1	40.10	38.10	36.10
1993-03-18	43.4	41.40	39.40	37.40
1993-03-19	42.1	40.10	38.10	36.10
1993-03-20	40.9	38.90	36.90	34.90
1993-03-21	44.6	42.60	40.60	38.60
1993-03-22	44	42.00	40.00	38.00
1993-03-23	45.9	43.90	41.90	39.90
1993-03-24	49.9	47.90	45.90	43.90
1993-03-25	40.9	38.90	36.90	34.90
1993-03-26	38.5	36.50	34.50	32.50
1993-03-27	35.1	33.10	31.10	29.10
1993-03-28	37.4	35.40	33.40	31.40
1993-03-29	36.3	34.30	32.30	30.30
1993-03-30	35.1	33.10	31.10	29.10
1993-03-31	34.6	32.60	30.60	28.60
1993-04-01	34	32.00	30.00	28.00
1993-04-02	33.5	31.50	29.50	27.50
1993-04-03	32.9	30.90	28.90	26.90
1993-04-04	32.4	30.40	28.40	26.40
1993-04-05	31.9	29.90	27.90	25.90
1993-04-06	31.4	29.40	27.40	25.40
1993-04-07	31.9	29.90	27.90	25.90
1993-04-08	39.7	37.70	35.70	33.70
1993-04-09	35.1	33.10	31.10	29.10
1993-04-10	32.9	30.90	28.90	26.90
1993-04-11	31.9	29.90	27.90	25.90
1993-04-12	30.9	28.90	26.90	24.90
1993-04-13	30.9	28.90	26.90	24.90
1993-04-14	32.9	30.90	28.90	26.90
1993-04-15	35.1	33.10	31.10	29.10
1993-04-16	30.9	28.90	26.90	24.90
1993-04-17	31.4	29.40	27.40	25.40
1993-04-18	35.1	33.10	31.10	29.10
1993-04-19	37.4	35.40	33.40	31.40
1993-04-20	35.1	33.10	31.10	29.10
1993-04-21	36.3	34.30	32.30	30.30
1993-04-22	40.9	38.90	36.90	34.90
1993-04-23	35.1	33.10	31.10	29.10
1993-04-24	31.4	29.40	27.40	25.40
1993-04-25	30.4	28.40	26.40	24.40
1993-04-26	34.6	32.60	30.60	28.60
1993-04-27	54.2	52.20	50.20	48.20
1993-04-28	51.3	49.30	47.30	45.30
1993-04-29	38.5	36.50	34.50	32.50
1993-04-30	36.8	34.80	32.80	30.80
1993-05-01	29.9	27.90	25.90	23.90
1993-05-02	27.1	25.10	23.10	21.10
1993-05-03	27.1	25.10	23.10	21.10
1993-05-04	29.9	27.90	25.90	23.90
1993-05-05	36.3	34.30	32.30	30.30
1993-05-06	38.5	36.50	34.50	32.50
1993-05-07	31.9	29.90	27.90	25.90
1993-05-08	34	32.00	30.00	28.00
1993-05-09	42.7	40.70	38.70	36.70
1993-05-10	55.7	53.70	51.70	49.70
1993-05-11	41.5	39.50	37.50	35.50
1993-05-12	42.1	40.10	38.10	36.10
1993-05-13	44	42.00	40.00	38.00
1993-05-14	40.9	38.90	36.90	34.90
1993-05-15	31.4	29.40	27.40	25.40
1993-05-16	34.6	32.60	30.60	28.60
1993-05-17	35.7	33.70	31.70	29.70
1993-05-18	38.5	36.50	34.50	32.50
1993-05-19	41.5	39.50	37.50	35.50
1993-05-20	41.5	39.50	37.50	35.50
1993-05-21	43.4	41.40	39.40	37.40
1993-05-22	38.5	36.50	34.50	32.50
1993-05-23	44	42.00	40.00	38.00
1993-05-24	44	42.00	40.00	38.00
1993-05-25	38.5	36.50	34.50	32.50
1993-05-26	39.7	37.70	35.70	33.70
1993-05-27	42.7	40.70	38.70	36.70
1993-05-28	43.4	41.40	39.40	37.40
1993-05-29	39.7	37.70	35.70	33.70
1993-05-30	36.3	34.30	32.30	30.30
1993-05-31	30.9	28.90	26.90	24.90
1993-06-01	29.4	27.40	25.40	23.40
1993-06-02	27.1	25.10	23.10	21.10
1993-06-03	27.1	25.10	23.10	21.10
1993-06-04	29	27.00	25.00	23.00
1993-06-05	26.6	24.60	22.60	20.60
1993-06-06	26.2	24.20	22.20	20.20
1993-06-07	26.6	24.60	22.60	20.60
1993-06-08	26.2	24.20	22.20	20.20
1993-06-09	27.1	25.10	23.10	21.10
1993-06-10	25.3	23.30	21.30	19.30
1993-06-11	24.8	22.80	20.80	18.80
1993-06-12	23.5	21.50	19.50	17.50
1993-06-13	23.5	21.50	19.50	17.50
1993-06-14	25.3	23.30	21.30	19.30
1993-06-15	25.3	23.30	21.30	19.30
1993-06-16	30.9	28.90	26.90	24.90
1993-06-17	31.9	29.90	27.90	25.90
1993-06-18	30.9	28.90	26.90	24.90
1993-06-19	26.6	24.60	22.60	20.60
1993-06-20	27.1	25.10	23.10	21.10
1993-06-21	47.8	45.80	43.80	41.80
1993-06-22	52	50.00	48.00	46.00
1993-06-23	47.8	45.80	43.80	41.80
1993-06-24	102	100.00	98.00	96.00
1993-06-25	55.7	53.70	51.70	49.70
1993-06-26	39.7	37.70	35.70	33.70
1993-06-27	42.1	40.10	38.10	36.10
1993-06-28	29.9	27.90	25.90	23.90
1993-06-29	29.4	27.40	25.40	23.40
1993-06-30	29.9	27.90	25.90	23.90
1993-07-01	28	26.00	24.00	22.00
1993-07-02	30.9	28.90	26.90	24.90
1993-07-03	29.4	27.40	25.40	23.40
1993-07-04	39.1	37.10	35.10	33.10
1993-07-05	50.6	48.60	46.60	44.60
1993-07-06	43.4	41.40	39.40	37.40
1993-07-07	35.1	33.10	31.10	29.10
1993-07-08	34	32.00	30.00	28.00
1993-07-09	38.5	36.50	34.50	32.50
1993-07-10	42.1	40.10	38.10	36.10
1993-07-11	44.6	42.60	40.60	38.60
1993-07-12	39.1	37.10	35.10	33.10
1993-07-13	34.6	32.60	30.60	28.60
1993-07-14	35.1	33.10	31.10	29.10
1993-07-15	32.4	30.40	28.40	26.40
1993-07-16	39.7	37.70	35.70	33.70
1993-07-17	39.1	37.10	35.10	33.10
1993-07-18	42.7	40.70	38.70	36.70
1993-07-19	36.8	34.80	32.80	30.80
1993-07-20	29.9	27.90	25.90	23.90
1993-07-21	27.1	25.10	23.10	21.10
1993-07-22	26.2	24.20	22.20	20.20
1993-07-23	26.2	24.20	22.20	20.20
1993-07-24	26.2	24.20	22.20	20.20
1993-07-25	29.4	27.40	25.40	23.40
1993-07-26	57.1	55.10	53.10	51.10
1993-07-27	53.5	51.50	49.50	47.50
1993-07-28	52	50.00	48.00	46.00
1993-07-29	34	32.00	30.00	28.00
1993-07-30	31.9	29.90	27.90	25.90
1993-07-31	31.9	29.90	27.90	25.90
1993-08-01	26.2	24.20	22.20	20.20
1993-08-02	28	26.00	24.00	22.00
1993-08-03	28	26.00	24.00	22.00
1993-08-04	28	26.00	24.00	22.00
1993-08-05	27.1	25.10	23.10	21.10
1993-08-06	25.7	23.70	21.70	19.70
1993-08-07	23.5	21.50	19.50	17.50
1993-08-08	23.5	21.50	19.50	17.50
1993-08-09	22.6	20.60	18.60	16.60
1993-08-10	23.5	21.50	19.50	17.50
1993-08-11	23	21.00	19.00	17.00
1993-08-12	23.9	21.90	19.90	17.90
1993-08-13	23	21.00	19.00	17.00
1993-08-14	23	21.00	19.00	17.00
1993-08-15	23.5	21.50	19.50	17.50
1993-08-16	23.5	21.50	19.50	17.50
1993-08-17	32.9	30.90	28.90	26.90
1993-08-18	34	32.00	30.00	28.00
1993-08-19	34	32.00	30.00	28.00
1993-08-20	34	32.00	30.00	28.00
1993-08-21	32.4	30.40	28.40	26.40
1993-08-22	30.9	28.90	26.90	24.90
1993-08-23	30.4	28.40	26.40	24.40
1993-08-24	31.9	29.90	27.90	25.90
1993-08-25	45.2	43.20	41.20	39.20
1993-08-26	38.5	36.50	34.50	32.50
1993-08-27	33.5	31.50	29.50	27.50
1993-08-28	30.9	28.90	26.90	24.90
1993-08-29	29.9	27.90	25.90	23.90
1993-08-30	32.9	30.90	28.90	26.90
1993-08-31	31.4	29.40	27.40	25.40
1993-09-01	98	96.00	94.00	92.00
1993-09-02	57.9	55.90	53.90	51.90
1993-09-03	40.9	38.90	36.90	34.90
1993-09-04	32.9	30.90	28.90	26.90
1993-09-05	29.4	27.40	25.40	23.40
1993-09-06	29.9	27.90	25.90	23.90
1993-09-07	41.5	39.50	37.50	35.50
1993-09-08	106	104.00	102.00	100.00
1993-09-09	110	108.00	106.00	104.00
1993-09-10	64.7	62.70	60.70	58.70
1993-09-11	49.2	47.20	45.20	43.20
1993-09-12	52.8	50.80	48.80	46.80
1993-09-13	44.6	42.60	40.60	38.60
1993-09-14	36.3	34.30	32.30	30.30
1993-09-15	33.5	31.50	29.50	27.50
1993-09-16	29.9	27.90	25.90	23.90
1993-09-17	36.3	34.30	32.30	30.30
1993-09-18	39.1	37.10	35.10	33.10
1993-09-19	83.8	81.80	79.80	77.80
1993-09-20	61.6	59.60	57.60	55.60
1993-09-21	55	53.00	51.00	49.00
1993-09-22	49.2	47.20	45.20	43.20
1993-09-23	39.1	37.10	35.10	33.10
1993-09-24	34.6	32.60	30.60	28.60
1993-09-25	33.5	31.50	29.50	27.50
1993-09-26	30.9	28.90	26.90	24.90
1993-09-27	37.4	35.40	33.40	31.40
1993-09-28	61.6	59.60	57.60	55.60
1993-09-29	82.9	80.90	78.90	76.90
1993-09-30	58.6	56.60	54.60	52.60
1993-10-01	44	42.00	40.00	38.00
1993-10-02	55.2	53.20	51.20	49.20
1993-10-03	340	338.00	336.00	334.00
1993-10-04	220	218.00	216.00	214.00
1993-10-05	196	194.00	192.00	190.00
1993-10-06	119	117.00	115.00	113.00
1993-10-07	83.4	81.40	79.40	77.40
1993-10-08	64.7	62.70	60.70	58.70
1993-10-09	61.6	59.60	57.60	55.60
1993-10-10	55.7	53.70	51.70	49.70
1993-10-11	49.9	47.90	45.90	43.90
1993-10-12	72.6	70.60	68.60	66.60
1993-10-13	111	109.00	107.00	105.00
1993-10-14	86.5	84.50	82.50	80.50
1993-10-15	78.6	76.60	74.60	72.60
1993-10-16	63.2	61.20	59.20	57.20
1993-10-17	72.6	70.60	68.60	66.60
1993-10-18	71.2	69.20	67.20	65.20
1993-10-19	107	105.00	103.00	101.00
1993-10-20	122	120.00	118.00	116.00
1993-10-21	398	396.00	394.00	392.00
1993-10-22	307	305.00	303.00	301.00
1993-10-23	253	251.00	249.00	247.00
1993-10-24	732	730.00	728.00	726.00
1993-10-25	327	325.00	323.00	321.00
1993-10-26	236	234.00	232.00	230.00
1993-10-27	191	189.00	187.00	185.00
1993-10-28	174	172.00	170.00	168.00
1993-10-29	200	198.00	196.00	194.00
1993-10-30	223	221.00	219.00	217.00
1993-10-31	310	308.00	306.00	304.00
1993-11-01	238	236.00	234.00	232.00
1993-11-02	183	181.00	179.00	177.00
1993-11-03	151	149.00	147.00	145.00
1993-11-04	133	131.00	129.00	127.00
1993-11-05	119	117.00	115.00	113.00
1993-11-06	109	107.00	105.00	103.00
1993-11-07	102	100.00	98.00	96.00
1993-11-08	95.4	93.40	91.40	89.40
1993-11-09	90.9	88.90	86.90	84.90
1993-11-10	86.5	84.50	82.50	80.50
1993-11-11	82.9	80.90	78.90	76.90
1993-11-12	76.8	74.80	72.80	70.80
1993-11-13	74.2	72.20	70.20	68.20
1993-11-14	71	69.00	67.00	65.00
1993-11-15	68.6	66.60	64.60	62.60
1993-11-16	66.2	64.20	62.20	60.20
1993-11-17	63.9	61.90	59.90	57.90
1993-11-18	63.2	61.20	59.20	57.20
1993-11-19	63.2	61.20	59.20	57.20
1993-11-20	63.9	61.90	59.90	57.90
1993-11-21	67.8	65.80	63.80	61.80
1993-11-22	106	104.00	102.00	100.00
1993-11-23	84.3	82.30	80.30	78.30
1993-11-24	296	294.00	292.00	290.00
1993-11-25	202	200.00	198.00	196.00
1993-11-26	170	168.00	166.00	164.00
1993-11-27	298	296.00	294.00	292.00
1993-11-28	679	677.00	675.00	673.00
1993-11-29	1230	1228.00	1226.00	1224.00
1993-11-30	725	723.00	721.00	719.00
1993-12-01	451	449.00	447.00	445.00
1993-12-02	321	319.00	317.00	315.00
1993-12-03	242	240.00	238.00	236.00
1993-12-04	249	247.00	245.00	243.00
1993-12-05	595	593.00	591.00	589.00
1993-12-06	714	712.00	710.00	708.00
1993-12-07	482	480.00	478.00	476.00
1993-12-08	346	344.00	342.00	340.00
1993-12-09	324	322.00	320.00	318.00
1993-12-10	604	602.00	600.00	598.00
1993-12-11	631	629.00	627.00	625.00
1993-12-12	414	412.00	410.00	408.00
1993-12-13	322	320.00	318.00	316.00
1993-12-14	458	456.00	454.00	452.00
1993-12-15	1030	1028.00	1026.00	1024.00
1993-12-16	1130	1128.00	1126.00	1124.00
1993-12-17	817	815.00	813.00	811.00
1993-12-18	589	587.00	585.00	583.00
1993-12-19	460	458.00	456.00	454.00
1993-12-20	382	380.00	378.00	376.00
1993-12-21	344	342.00	340.00	338.00
1993-12-22	375	373.00	371.00	369.00
1993-12-23	330	328.00	326.00	324.00
1993-12-24	287	285.00	283.00	281.00
1993-12-25	279	277.00	275.00	273.00
1993-12-26	246	244.00	242.00	240.00
1993-12-27	224	222.00	220.00	218.00
1993-12-28	211	209.00	207.00	205.00
1993-12-29	212	210.00	208.00	206.00
1993-12-30	193	191.00	189.00	187.00
1993-12-31	180	178.00	176.00	174.00
1994-01-01	187	185.00	183.00	181.00
1994-01-02	170	168.00	166.00	164.00
1994-01-03	165	163.00	161.00	159.00
1994-01-04	157	155.00	153.00	151.00
1994-01-05	152	150.00	148.00	146.00
1994-01-06	144	142.00	140.00	138.00
1994-01-07	138	136.00	134.00	132.00
1994-01-08	133	131.00	129.00	127.00
1994-01-09	131	129.00	127.00	125.00
1994-01-10	127	125.00	123.00	121.00
1994-01-11	120	118.00	116.00	114.00
1994-01-12	118	116.00	114.00	112.00
1994-01-13	112	110.00	108.00	106.00
1994-01-14	108	106.00	104.00	102.00
1994-01-15	105	103.00	101.00	99.00
1994-01-16	102	100.00	98.00	96.00
1994-01-17	99	97.00	95.00	93.00
1994-01-18	96	94.00	92.00	90.00
1994-01-19	92	90.00	88.00	86.00
1994-01-20	90	88.00	86.00	84.00
1994-01-21	96	94.00	92.00	90.00
1994-01-22	98	96.00	94.00	92.00
1994-01-23	86.2	84.20	82.20	80.20
1994-01-24	86.2	84.20	82.20	80.20
1994-01-25	81.5	79.50	77.50	75.50
1994-01-26	78.9	76.90	74.90	72.90
1994-01-27	77.2	75.20	73.20	71.20
1994-01-28	75.4	73.40	71.40	69.40
1994-01-29	73.7	71.70	69.70	67.70
1994-01-30	72	70.00	68.00	66.00
1994-01-31	72	70.00	68.00	66.00
1994-02-01	70.5	68.50	66.50	64.50
1994-02-02	69.1	67.10	65.10	63.10
1994-02-03	90	88.00	86.00	84.00
1994-02-04	79.7	77.70	75.70	73.70
1994-02-05	72	70.00	68.00	66.00
1994-02-06	69.1	67.10	65.10	63.10
1994-02-07	65.4	63.40	61.40	59.40
1994-02-08	64	62.00	60.00	58.00
1994-02-09	63.4	61.40	59.40	57.40
1994-02-10	62	60.00	58.00	56.00
1994-02-11	63.4	61.40	59.40	57.40
1994-02-12	60.7	58.70	56.70	54.70
1994-02-13	58	56.00	54.00	52.00
1994-02-14	58	56.00	54.00	52.00
1994-02-15	56.8	54.80	52.80	50.80
1994-02-16	55.6	53.60	51.60	49.60
1994-02-17	55	53.00	51.00	49.00
1994-02-18	54.4	52.40	50.40	48.40
1994-02-19	53.2	51.20	49.20	47.20
1994-02-20	52	50.00	48.00	46.00
1994-02-21	52	50.00	48.00	46.00
1994-02-22	52	50.00	48.00	46.00
1994-02-23	50.8	48.80	46.80	44.80
1994-02-24	49.1	47.10	45.10	43.10
1994-02-25	48.6	46.60	44.60	42.60
1994-02-26	47.5	45.50	43.50	41.50
1994-02-27	47	45.00	43.00	41.00
1994-02-28	46.5	44.50	42.50	40.50
1994-03-01	46.5	44.50	42.50	40.50
1994-03-02	47	45.00	43.00	41.00
1994-03-03	49.1	47.10	45.10	43.10
1994-03-04	47	45.00	43.00	41.00
1994-03-05	46.5	44.50	42.50	40.50
1994-03-06	45.5	43.50	41.50	39.50
1994-03-07	44.5	42.50	40.50	38.50
1994-03-08	43.5	41.50	39.50	37.50
1994-03-09	42.5	40.50	38.50	36.50
1994-03-10	41.5	39.50	37.50	35.50
1994-03-11	42.5	40.50	38.50	36.50
1994-03-12	42.5	40.50	38.50	36.50
1994-03-13	43	41.00	39.00	37.00
1994-03-14	44.5	42.50	40.50	38.50
1994-03-15	45.6	43.60	41.60	39.60
1994-03-16	44.5	42.50	40.50	38.50
1994-03-17	41.5	39.50	37.50	35.50
1994-03-18	41.5	39.50	37.50	35.50
1994-03-19	42.5	40.50	38.50	36.50
1994-03-20	41.5	39.50	37.50	35.50
1994-03-21	40.6	38.60	36.60	34.60
1994-03-22	39.7	37.70	35.70	33.70
1994-03-23	43	41.00	39.00	37.00
1994-03-24	44.5	42.50	40.50	38.50
1994-03-25	41.5	39.50	37.50	35.50
1994-03-26	41	39.00	37.00	35.00
1994-03-27	59.3	57.30	55.30	53.30
1994-03-28	111	109.00	107.00	105.00
1994-03-29	75.4	73.40	71.40	69.40
1994-03-30	55.6	53.60	51.60	49.60
1994-03-31	49.7	47.70	45.70	43.70
1994-04-01	47.5	45.50	43.50	41.50
1994-04-02	44.5	42.50	40.50	38.50
1994-04-03	42	40.00	38.00	36.00
1994-04-04	42.5	40.50	38.50	36.50
1994-04-05	45.5	43.50	41.50	39.50
1994-04-06	42.5	40.50	38.50	36.50
1994-04-07	42.5	40.50	38.50	36.50
1994-04-08	52	50.00	48.00	46.00
1994-04-09	52.6	50.60	48.60	46.60
1994-04-10	41.5	39.50	37.50	35.50
1994-04-11	39.2	37.20	35.20	33.20
1994-04-12	38.8	36.80	34.80	32.80
1994-04-13	36.2	34.20	32.20	30.20
1994-04-14	37.4	35.40	33.40	31.40
1994-04-15	37	35.00	33.00	31.00
1994-04-16	35.8	33.80	31.80	29.80
1994-04-17	35.4	33.40	31.40	29.40
1994-04-18	40.6	38.60	36.60	34.60
1994-04-19	75.4	73.40	71.40	69.40
1994-04-20	54.4	52.40	50.40	48.40
1994-04-21	43.5	41.50	39.50	37.50
1994-04-22	48.6	46.60	44.60	42.60
1994-04-23	56.8	54.80	52.80	50.80
1994-04-24	52	50.00	48.00	46.00
1994-04-25	49.1	47.10	45.10	43.10
1994-04-26	48.6	46.60	44.60	42.60
1994-04-27	43.5	41.50	39.50	37.50
1994-04-28	39.2	37.20	35.20	33.20
1994-04-29	36.2	34.20	32.20	30.20
1994-04-30	35.4	33.40	31.40	29.40
1994-05-01	37	35.00	33.00	31.00
1994-05-02	37.9	35.90	33.90	31.90
1994-05-03	35	33.00	31.00	29.00
1994-05-04	33.4	31.40	29.40	27.40
1994-05-05	33.1	31.10	29.10	27.10
1994-05-06	44.5	42.50	40.50	38.50
1994-05-07	42.5	40.50	38.50	36.50
1994-05-08	34	32.00	30.00	28.00
1994-05-09	37	35.00	33.00	31.00
1994-05-10	38.8	36.80	34.80	32.80
1994-05-11	39.7	37.70	35.70	33.70
1994-05-12	37.9	35.90	33.90	31.90
1994-05-13	37.9	35.90	33.90	31.90
1994-05-14	36.2	34.20	32.20	30.20
1994-05-15	40.6	38.60	36.60	34.60
1994-05-16	45.5	43.50	41.50	39.50
1994-05-17	50.8	48.80	46.80	44.80
1994-05-18	62.7	60.70	58.70	56.70
1994-05-19	50.8	48.80	46.80	44.80
1994-05-20	53.2	51.20	49.20	47.20
1994-05-21	48.1	46.10	44.10	42.10
1994-05-22	48.6	46.60	44.60	42.60
1994-05-23	72	70.00	68.00	66.00
1994-05-24	52.6	50.60	48.60	46.60
1994-05-25	45.5	43.50	41.50	39.50
1994-05-26	39.7	37.70	35.70	33.70
1994-05-27	42	40.00	38.00	36.00
1994-05-28	53.8	51.80	49.80	47.80
1994-05-29	56.8	54.80	52.80	50.80
1994-05-30	56.2	54.20	52.20	50.20
1994-05-31	46.5	44.50	42.50	40.50
1994-06-01	42.5	40.50	38.50	36.50
1994-06-02	40.1	38.10	36.10	34.10
1994-06-03	40.6	38.60	36.60	34.60
1994-06-04	38.8	36.80	34.80	32.80
1994-06-05	36.2	34.20	32.20	30.20
1994-06-06	35.4	33.40	31.40	29.40
1994-06-07	34.7	32.70	30.70	28.70
1994-06-08	34	32.00	30.00	28.00
1994-06-09	36.2	34.20	32.20	30.20
1994-06-10	35	33.00	31.00	29.00
1994-06-11	34	32.00	30.00	28.00
1994-06-12	37.9	35.90	33.90	31.90
1994-06-13	37	35.00	33.00	31.00
1994-06-14	36.2	34.20	32.20	30.20
1994-06-15	34	32.00	30.00	28.00
1994-06-16	32.8	30.80	28.80	26.80
1994-06-17	31.7	29.70	27.70	25.70
1994-06-18	31.7	29.70	27.70	25.70
1994-06-19	32	30.00	28.00	26.00
1994-06-20	31.7	29.70	27.70	25.70
1994-06-21	34	32.00	30.00	28.00
1994-06-22	42.5	40.50	38.50	36.50
1994-06-23	47.5	45.50	43.50	41.50
1994-06-24	87.5	85.50	83.50	81.50
1994-06-25	44.5	42.50	40.50	38.50
1994-06-26	37	35.00	33.00	31.00
1994-06-27	34.7	32.70	30.70	28.70
1994-06-28	38.8	36.80	34.80	32.80
1994-06-29	52.6	50.60	48.60	46.60
1994-06-30	48.1	46.10	44.10	42.10
1994-07-01	39.7	37.70	35.70	33.70
1994-07-02	47.5	45.50	43.50	41.50
1994-07-03	43.5	41.50	39.50	37.50
1994-07-04	38.3	36.30	34.30	32.30
1994-07-05	35.4	33.40	31.40	29.40
1994-07-06	34	32.00	30.00	28.00
1994-07-07	41	39.00	37.00	35.00
1994-07-08	36.6	34.60	32.60	30.60
1994-07-09	37.4	35.40	33.40	31.40
1994-07-10	37	35.00	33.00	31.00
1994-07-11	37	35.00	33.00	31.00
1994-07-12	35.8	33.80	31.80	29.80
1994-07-13	41.5	39.50	37.50	35.50
1994-07-14	40.1	38.10	36.10	34.10
1994-07-15	37.4	35.40	33.40	31.40
1994-07-16	36.2	34.20	32.20	30.20
1994-07-17	35	33.00	31.00	29.00
1994-07-18	35.4	33.40	31.40	29.40
1994-07-19	48.6	46.60	44.60	42.60
1994-07-20	70.5	68.50	66.50	64.50
1994-07-21	64.7	62.70	60.70	58.70
1994-07-22	51.4	49.40	47.40	45.40
1994-07-23	46.5	44.50	42.50	40.50
1994-07-24	42.5	40.50	38.50	36.50
1994-07-25	40.6	38.60	36.60	34.60
1994-07-26	40.6	38.60	36.60	34.60
1994-07-27	40.1	38.10	36.10	34.10
1994-07-28	41.5	39.50	37.50	35.50
1994-07-29	55	53.00	51.00	49.00
1994-07-30	59.3	57.30	55.30	53.30
1994-07-31	77.2	75.20	73.20	71.20
1994-08-01	101	99.00	97.00	95.00
1994-08-02	70.5	68.50	66.50	64.50
1994-08-03	62	60.00	58.00	56.00
1994-08-04	53.8	51.80	49.80	47.80
1994-08-05	58	56.00	54.00	52.00
1994-08-06	50.8	48.80	46.80	44.80
1994-08-07	47	45.00	43.00	41.00
1994-08-08	45.5	43.50	41.50	39.50
1994-08-09	43.5	41.50	39.50	37.50
1994-08-10	41.5	39.50	37.50	35.50
1994-08-11	37.9	35.90	33.90	31.90
1994-08-12	38.3	36.30	34.30	32.30
1994-08-13	37	35.00	33.00	31.00
1994-08-14	35.8	33.80	31.80	29.80
1994-08-15	35	33.00	31.00	29.00
1994-08-16	42.5	40.50	38.50	36.50
1994-08-17	37.9	35.90	33.90	31.90
1994-08-18	39.7	37.70	35.70	33.70
1994-08-19	37.4	35.40	33.40	31.40
1994-08-20	35	33.00	31.00	29.00
1994-08-21	41	39.00	37.00	35.00
1994-08-22	53.2	51.20	49.20	47.20
1994-08-23	43	41.00	39.00	37.00
1994-08-24	48.6	46.60	44.60	42.60
1994-08-25	39.7	37.70	35.70	33.70
1994-08-26	39.7	37.70	35.70	33.70
1994-08-27	55	53.00	51.00	49.00
1994-08-28	44.5	42.50	40.50	38.50
1994-08-29	36.2	34.20	32.20	30.20
1994-08-30	42.5	40.50	38.50	36.50
1994-08-31	40.6	38.60	36.60	34.60
1994-09-01	43	41.00	39.00	37.00
1994-09-02	46.5	44.50	42.50	40.50
1994-09-03	46.5	44.50	42.50	40.50
1994-09-04	43.1	41.10	39.10	37.10
1994-09-05	578	576.00	574.00	572.00
1994-09-06	932	930.00	928.00	926.00
1994-09-07	241	239.00	237.00	235.00
1994-09-08	139	137.00	135.00	133.00
1994-09-09	106	104.00	102.00	100.00
1994-09-10	90.8	88.80	86.80	84.80
1994-09-11	117	115.00	113.00	111.00
1994-09-12	114	112.00	110.00	108.00
1994-09-13	102	100.00	98.00	96.00
1994-09-14	129	127.00	125.00	123.00
1994-09-15	209	207.00	205.00	203.00
1994-09-16	226	224.00	222.00	220.00
1994-09-17	248	246.00	244.00	242.00
1994-09-18	236	234.00	232.00	230.00
1994-09-19	133	131.00	129.00	127.00
1994-09-20	102	100.00	98.00	96.00
1994-09-21	90	88.00	86.00	84.00
1994-09-22	88.1	86.10	84.10	82.10
1994-09-23	90	88.00	86.00	84.00
1994-09-24	87.2	85.20	83.20	81.20
1994-09-25	84.4	82.40	80.40	78.40
1994-09-26	76.3	74.30	72.30	70.30
1994-09-27	78.9	76.90	74.90	72.90
1994-09-28	78.9	76.90	74.90	72.90
1994-09-29	66.2	64.20	62.20	60.20
1994-09-30	69.1	67.10	65.10	63.10
1994-10-01	67.6	65.60	63.60	61.60
1994-10-02	64.7	62.70	60.70	58.70
1994-10-03	67.6	65.60	63.60	61.60
1994-10-04	68.4	66.40	64.40	62.40
1994-10-05	63.4	61.40	59.40	57.40
1994-10-06	59.3	57.30	55.30	53.30
1994-10-07	55	53.00	51.00	49.00
1994-10-08	60	58.00	56.00	54.00
1994-10-09	60.7	58.70	56.70	54.70
1994-10-10	56.8	54.80	52.80	50.80
1994-10-11	99	97.00	95.00	93.00
1994-10-12	138	136.00	134.00	132.00
1994-10-13	96	94.00	92.00	90.00
1994-10-14	70.5	68.50	66.50	64.50
1994-10-15	72	70.00	68.00	66.00
1994-10-16	70.5	68.50	66.50	64.50
1994-10-17	61.4	59.40	57.40	55.40
1994-10-18	56.8	54.80	52.80	50.80
1994-10-19	60.2	58.20	56.20	54.20
1994-10-20	673	671.00	669.00	667.00
1994-10-21	1020	1018.00	1016.00	1014.00
1994-10-22	345	343.00	341.00	339.00
1994-10-23	209	207.00	205.00	203.00
1994-10-24	159	157.00	155.00	153.00
1994-10-25	134	132.00	130.00	128.00
1994-10-26	127	125.00	123.00	121.00
1994-10-27	119	117.00	115.00	113.00
1994-10-28	134	132.00	130.00	128.00
1994-10-29	132	130.00	128.00	126.00
1994-10-30	135	133.00	131.00	129.00
1994-10-31	124	122.00	120.00	118.00
1994-11-01	133	131.00	129.00	127.00
1994-11-02	127	125.00	123.00	121.00
1994-11-03	143	141.00	139.00	137.00
1994-11-04	123	121.00	119.00	117.00
1994-11-05	134	132.00	130.00	128.00
1994-11-06	165	163.00	161.00	159.00
1994-11-07	131	129.00	127.00	125.00
1994-11-08	113	111.00	109.00	107.00
1994-11-09	108	106.00	104.00	102.00
1994-11-10	114	112.00	110.00	108.00
1994-11-11	112	110.00	108.00	106.00
1994-11-12	99	97.00	95.00	93.00
1994-11-13	94	92.00	90.00	88.00
1994-11-14	96	94.00	92.00	90.00
1994-11-15	96	94.00	92.00	90.00
1994-11-16	135	133.00	131.00	129.00
1994-11-17	692	690.00	688.00	686.00
1994-11-18	342	340.00	338.00	336.00
1994-11-19	266	264.00	262.00	260.00
1994-11-20	269	267.00	265.00	263.00
1994-11-21	366	364.00	362.00	360.00
1994-11-22	654	652.00	650.00	648.00
1994-11-23	434	432.00	430.00	428.00
1994-11-24	362	360.00	358.00	356.00
1994-11-25	288	286.00	284.00	282.00
1994-11-26	229	227.00	225.00	223.00
1994-11-27	196	194.00	192.00	190.00
1994-11-28	173	171.00	169.00	167.00
1994-11-29	161	159.00	157.00	155.00
1994-11-30	154	152.00	150.00	148.00
1994-12-01	148	146.00	144.00	142.00
1994-12-02	133	131.00	129.00	127.00
1994-12-03	124	122.00	120.00	118.00
1994-12-04	120	118.00	116.00	114.00
1994-12-05	286	284.00	282.00	280.00
1994-12-06	297	295.00	293.00	291.00
1994-12-07	304	302.00	300.00	298.00
1994-12-08	211	209.00	207.00	205.00
1994-12-09	173	171.00	169.00	167.00
1994-12-10	161	159.00	157.00	155.00
1994-12-11	148	146.00	144.00	142.00
1994-12-12	177	175.00	173.00	171.00
1994-12-13	136	134.00	132.00	130.00
1994-12-14	139	137.00	135.00	133.00
1994-12-15	129	127.00	125.00	123.00
1994-12-16	124	122.00	120.00	118.00
1994-12-17	180	178.00	176.00	174.00
1994-12-18	200	198.00	196.00	194.00
1994-12-19	276	274.00	272.00	270.00
1994-12-20	359	357.00	355.00	353.00
1994-12-21	465	463.00	461.00	459.00
1994-12-22	456	454.00	452.00	450.00
1994-12-23	333	331.00	329.00	327.00
1994-12-24	258	256.00	254.00	252.00
1994-12-25	217	215.00	213.00	211.00
1994-12-26	194	192.00	190.00	188.00
1994-12-27	175	173.00	171.00	169.00
1994-12-28	163	161.00	159.00	157.00
1994-12-29	152	150.00	148.00	146.00
1994-12-30	146	144.00	142.00	140.00
1994-12-31	138	136.00	134.00	132.00
1995-01-01	133	131.00	129.00	127.00
1995-01-02	128	126.00	124.00	122.00
1995-01-03	117	115.00	113.00	111.00
1995-01-04	112	110.00	108.00	106.00
1995-01-05	111	109.00	107.00	105.00
1995-01-06	105	103.00	101.00	99.00
1995-01-07	102	100.00	98.00	96.00
1995-01-08	98.2	96.20	94.20	92.20
1995-01-09	94.6	92.60	90.60	88.60
1995-01-10	92.8	90.80	88.80	86.80
1995-01-11	85.9	83.90	81.90	79.90
1995-01-12	87.6	85.60	83.60	81.60
1995-01-13	85.9	83.90	81.90	79.90
1995-01-14	84.2	82.20	80.20	78.20
1995-01-15	82.5	80.50	78.50	76.50
1995-01-16	80.8	78.80	76.80	74.80
1995-01-17	79.1	77.10	75.10	73.10
1995-01-18	79.1	77.10	75.10	73.10
1995-01-19	75.8	73.80	71.80	69.80
1995-01-20	73.3	71.30	69.30	67.30
1995-01-21	71.8	69.80	67.80	65.80
1995-01-22	69.4	67.40	65.40	63.40
1995-01-23	67.9	65.90	63.90	61.90
1995-01-24	68.6	66.60	64.60	62.60
1995-01-25	79.1	77.10	75.10	73.10
1995-01-26	76.6	74.60	72.60	70.60
1995-01-27	71	69.00	67.00	65.00
1995-01-28	69.4	67.40	65.40	63.40
1995-01-29	69.4	67.40	65.40	63.40
1995-01-30	67.9	65.90	63.90	61.90
1995-01-31	64.8	62.80	60.80	58.80
1995-02-01	59.6	57.60	55.60	53.60
1995-02-02	105	103.00	101.00	99.00
1995-02-03	113	111.00	109.00	107.00
1995-02-04	89.3	87.30	85.30	83.30
1995-02-05	85	83.00	81.00	79.00
1995-02-06	95.5	93.50	91.50	89.50
1995-02-07	91	89.00	87.00	85.00
1995-02-08	80.8	78.80	76.80	74.80
1995-02-09	72.5	70.50	68.50	66.50
1995-02-10	67.9	65.90	63.90	61.90
1995-02-11	66.3	64.30	62.30	60.30
1995-02-12	63.3	61.30	59.30	57.30
1995-02-13	62.6	60.60	58.60	56.60
1995-02-14	58.2	56.20	54.20	52.20
1995-02-15	58.9	56.90	54.90	52.90
1995-02-16	57.6	55.60	53.60	51.60
1995-02-17	56.2	54.20	52.20	50.20
1995-02-18	56.2	54.20	52.20	50.20
1995-02-19	54.2	52.20	50.20	48.20
1995-02-20	53.5	51.50	49.50	47.50
1995-02-21	52.2	50.20	48.20	46.20
1995-02-22	51	49.00	47.00	45.00
1995-02-23	51	49.00	47.00	45.00
1995-02-24	51	49.00	47.00	45.00
1995-02-25	49.7	47.70	45.70	43.70
1995-02-26	48.5	46.50	44.50	42.50
1995-02-27	48.5	46.50	44.50	42.50
1995-02-28	47.9	45.90	43.90	41.90
1995-03-01	47.2	45.20	43.20	41.20
1995-03-02	47.2	45.20	43.20	41.20
1995-03-03	47.2	45.20	43.20	41.20
1995-03-04	45.4	43.40	41.40	39.40
1995-03-05	50.3	48.30	46.30	44.30
1995-03-06	51	49.00	47.00	45.00
1995-03-07	46.6	44.60	42.60	40.60
1995-03-08	44.8	42.80	40.80	38.80
1995-03-09	43.6	41.60	39.60	37.60
1995-03-10	41.3	39.30	37.30	35.30
1995-03-11	41.3	39.30	37.30	35.30
1995-03-12	40.1	38.10	36.10	34.10
1995-03-13	39.6	37.60	35.60	33.60
1995-03-14	39	37.00	35.00	33.00
1995-03-15	38.4	36.40	34.40	32.40
1995-03-16	31.9	29.90	27.90	25.90
1995-03-17	37.4	35.40	33.40	31.40
1995-03-18	37.9	35.90	33.90	31.90
1995-03-19	40.1	38.10	36.10	34.10
1995-03-20	38.4	36.40	34.40	32.40
1995-03-21	37.9	35.90	33.90	31.90
1995-03-22	36.8	34.80	32.80	30.80
1995-03-23	36.2	34.20	32.20	30.20
1995-03-24	36.2	34.20	32.20	30.20
1995-03-25	36.8	34.80	32.80	30.80
1995-03-26	40.1	38.10	36.10	34.10
1995-03-27	37.9	35.90	33.90	31.90
1995-03-28	35.7	33.70	31.70	29.70
1995-03-29	35.7	33.70	31.70	29.70
1995-03-30	36.2	34.20	32.20	30.20
1995-03-31	34.6	32.60	30.60	28.60
1995-04-01	34.6	32.60	30.60	28.60
1995-04-02	35.2	33.20	31.20	29.20
1995-04-03	33	31.00	29.00	27.00
1995-04-04	33.5	31.50	29.50	27.50
1995-04-05	31.9	29.90	27.90	25.90
1995-04-06	30.3	28.30	26.30	24.30
1995-04-07	30.3	28.30	26.30	24.30
1995-04-08	35.7	33.70	31.70	29.70
1995-04-09	33.5	31.50	29.50	27.50
1995-04-10	30.3	28.30	26.30	24.30
1995-04-11	28.8	26.80	24.80	22.80
1995-04-12	28.3	26.30	24.30	22.30
1995-04-13	28.3	26.30	24.30	22.30
1995-04-14	27.4	25.40	23.40	21.40
1995-04-15	28.3	26.30	24.30	22.30
1995-04-16	32.4	30.40	28.40	26.40
1995-04-17	28.3	26.30	24.30	22.30
1995-04-18	26.9	24.90	22.90	20.90
1995-04-19	26	24.00	22.00	20.00
1995-04-20	24.7	22.70	20.70	18.70
1995-04-21	25.1	23.10	21.10	19.10
1995-04-22	24.7	22.70	20.70	18.70
1995-04-23	24.7	22.70	20.70	18.70
1995-04-24	24.3	22.30	20.30	18.30
1995-04-25	24	22.00	20.00	18.00
1995-04-26	23.6	21.60	19.60	17.60
1995-04-27	23.3	21.30	19.30	17.30
1995-04-28	22.9	20.90	18.90	16.90
1995-04-29	23.6	21.60	19.60	17.60
1995-04-30	22.6	20.60	18.60	16.60
1995-05-01	24.3	22.30	20.30	18.30
1995-05-02	25.1	23.10	21.10	19.10
1995-05-03	23.3	21.30	19.30	17.30
1995-05-04	22.6	20.60	18.60	16.60
1995-05-05	23.3	21.30	19.30	17.30
1995-05-06	26	24.00	22.00	20.00
1995-05-07	33.5	31.50	29.50	27.50
1995-05-08	25.6	23.60	21.60	19.60
1995-05-09	33.5	31.50	29.50	27.50
1995-05-10	48.5	46.50	44.50	42.50
1995-05-11	57.6	55.60	53.60	51.60
1995-05-12	57.6	55.60	53.60	51.60
1995-05-13	40.7	38.70	36.70	34.70
1995-05-14	38.4	36.40	34.40	32.40
1995-05-15	35.7	33.70	31.70	29.70
1995-05-16	33.5	31.50	29.50	27.50
1995-05-17	28.3	26.30	24.30	22.30
1995-05-18	26	24.00	22.00	20.00
1995-05-19	24.3	22.30	20.30	18.30
1995-05-20	23.3	21.30	19.30	17.30
1995-05-21	22.6	20.60	18.60	16.60
1995-05-22	21.6	19.60	17.60	15.60
1995-05-23	21.9	19.90	17.90	15.90
1995-05-24	23.3	21.30	19.30	17.30
1995-05-25	35.7	33.70	31.70	29.70
1995-05-26	35.7	33.70	31.70	29.70
1995-05-27	35.7	33.70	31.70	29.70
1995-05-28	33.5	31.50	29.50	27.50
1995-05-29	39	37.00	35.00	33.00
1995-05-30	32.4	30.40	28.40	26.40
1995-05-31	31.4	29.40	27.40	25.40
1995-06-01	36.8	34.80	32.80	30.80
1995-06-02	35.7	33.70	31.70	29.70
1995-06-03	43.6	41.60	39.60	37.60
1995-06-04	32.4	30.40	28.40	26.40
1995-06-05	25.6	23.60	21.60	19.60
1995-06-06	24.7	22.70	20.70	18.70
1995-06-07	23.3	21.30	19.30	17.30
1995-06-08	21.9	19.90	17.90	15.90
1995-06-09	21.9	19.90	17.90	15.90
1995-06-10	21.6	19.60	17.60	15.60
1995-06-11	24.3	22.30	20.30	18.30
1995-06-12	26.5	24.50	22.50	20.50
1995-06-13	23.3	21.30	19.30	17.30
1995-06-14	21.3	19.30	17.30	15.30
1995-06-15	22.6	20.60	18.60	16.60
1995-06-16	21.6	19.60	17.60	15.60
1995-06-17	22.9	20.90	18.90	16.90
1995-06-18	22.6	20.60	18.60	16.60
1995-06-19	23.3	21.30	19.30	17.30
1995-06-20	27.9	25.90	23.90	21.90
1995-06-21	25.1	23.10	21.10	19.10
1995-06-22	27.4	25.40	23.40	21.40
1995-06-23	21.6	19.60	17.60	15.60
1995-06-24	25.6	23.60	21.60	19.60
1995-06-25	44.8	42.80	40.80	38.80
1995-06-26	30.3	28.30	26.30	24.30
1995-06-27	23.3	21.30	19.30	17.30
1995-06-28	26	24.00	22.00	20.00
1995-06-29	30.3	28.30	26.30	24.30
1995-06-30	49.1	47.10	45.10	43.10
1995-07-01	33.5	31.50	29.50	27.50
1995-07-02	28.8	26.80	24.80	22.80
1995-07-03	32.4	30.40	28.40	26.40
1995-07-04	26	24.00	22.00	20.00
1995-07-05	28.3	26.30	24.30	22.30
1995-07-06	31.9	29.90	27.90	25.90
1995-07-07	30.3	28.30	26.30	24.30
1995-07-08	31.4	29.40	27.40	25.40
1995-07-09	36.2	34.20	32.20	30.20
1995-07-10	31.4	29.40	27.40	25.40
1995-07-11	36.2	34.20	32.20	30.20
1995-07-12	28.8	26.80	24.80	22.80
1995-07-13	25.6	23.60	21.60	19.60
1995-07-14	24.7	22.70	20.70	18.70
1995-07-15	39.6	37.60	35.60	33.60
1995-07-16	32.4	30.40	28.40	26.40
1995-07-17	46.6	44.60	42.60	40.60
1995-07-18	71	69.00	67.00	65.00
1995-07-19	72.5	70.50	68.50	66.50
1995-07-20	53.5	51.50	49.50	47.50
1995-07-21	33	31.00	29.00	27.00
1995-07-22	34.6	32.60	30.60	28.60
1995-07-23	57.6	55.60	53.60	51.60
1995-07-24	39	37.00	35.00	33.00
1995-07-25	32.4	30.40	28.40	26.40
1995-07-26	27.9	25.90	23.90	21.90
1995-07-27	26	24.00	22.00	20.00
1995-07-28	24.7	22.70	20.70	18.70
1995-07-29	24.7	22.70	20.70	18.70
1995-07-30	26.5	24.50	22.50	20.50
1995-07-31	46	44.00	42.00	40.00
1995-08-01	58.9	56.90	54.90	52.90
1995-08-02	40.1	38.10	36.10	34.10
1995-08-03	33	31.00	29.00	27.00
1995-08-04	30.9	28.90	26.90	24.90
1995-08-05	39	37.00	35.00	33.00
1995-08-06	34.6	32.60	30.60	28.60
1995-08-07	31.4	29.40	27.40	25.40
1995-08-08	31.4	29.40	27.40	25.40
1995-08-09	35.2	33.20	31.20	29.20
1995-08-10	39	37.00	35.00	33.00
1995-08-11	47.9	45.90	43.90	41.90
1995-08-12	49.7	47.70	45.70	43.70
1995-08-13	30.9	28.90	26.90	24.90
1995-08-14	26.9	24.90	22.90	20.90
1995-08-15	26	24.00	22.00	20.00
1995-08-16	31.4	29.40	27.40	25.40
1995-08-17	32.4	30.40	28.40	26.40
1995-08-18	25.6	23.60	21.60	19.60
1995-08-19	31.4	29.40	27.40	25.40
1995-08-20	34.1	32.10	30.10	28.10
1995-08-21	36.8	34.80	32.80	30.80
1995-08-22	65.6	63.60	61.60	59.60
1995-08-23	56.9	54.90	52.90	50.90
1995-08-24	44.8	42.80	40.80	38.80
1995-08-25	56.2	54.20	52.20	50.20
1995-08-26	67.9	65.90	63.90	61.90
1995-08-27	51.6	49.60	47.60	45.60
1995-08-28	51.6	49.60	47.60	45.60
1995-08-29	39	37.00	35.00	33.00
1995-08-30	61.9	59.90	57.90	55.90
1995-08-31	79.1	77.10	75.10	73.10
1995-09-01	63.3	61.30	59.30	57.30
1995-09-02	51.6	49.60	47.60	45.60
1995-09-03	66.3	64.30	62.30	60.30
1995-09-04	90.2	88.20	86.20	84.20
1995-09-05	149	147.00	145.00	143.00
1995-09-06	135	133.00	131.00	129.00
1995-09-07	66.3	64.30	62.30	60.30
1995-09-08	54.9	52.90	50.90	48.90
1995-09-09	61.9	59.90	57.90	55.90
1995-09-10	72.5	70.50	68.50	66.50
1995-09-11	196	194.00	192.00	190.00
1995-09-12	199	197.00	195.00	193.00
1995-09-13	159	157.00	155.00	153.00
1995-09-14	123	121.00	119.00	117.00
1995-09-15	131	129.00	127.00	125.00
1995-09-16	102	100.00	98.00	96.00
1995-09-17	90.2	88.20	86.20	84.20
1995-09-18	77.5	75.50	73.50	71.50
1995-09-19	71.8	69.80	67.80	65.80
1995-09-20	67.3	65.30	63.30	61.30
1995-09-21	58.2	56.20	54.20	52.20
1995-09-22	56.2	54.20	52.20	50.20
1995-09-23	52.2	50.20	48.20	46.20
1995-09-24	49.7	47.70	45.70	43.70
1995-09-25	47.9	45.90	43.90	41.90
1995-09-26	46	44.00	42.00	40.00
1995-09-27	43.6	41.60	39.60	37.60
1995-09-28	42.5	40.50	38.50	36.50
1995-09-29	56.2	54.20	52.20	50.20
1995-09-30	64.8	62.80	60.80	58.80
1995-10-01	59.6	57.60	55.60	53.60
1995-10-02	49.7	47.70	45.70	43.70
1995-10-03	46.6	44.60	42.60	40.60
1995-10-04	43	41.00	39.00	37.00
1995-10-05	53.5	51.50	49.50	47.50
1995-10-06	680	678.00	676.00	674.00
1995-10-07	1560	1558.00	1556.00	1554.00
1995-10-08	742	740.00	738.00	736.00
1995-10-09	525	523.00	521.00	519.00
1995-10-10	1160	1158.00	1156.00	1154.00
1995-10-11	811	809.00	807.00	805.00
1995-10-12	573	571.00	569.00	567.00
1995-10-13	332	330.00	328.00	326.00
1995-10-14	283	281.00	279.00	277.00
1995-10-15	304	302.00	300.00	298.00
1995-10-16	302	300.00	298.00	296.00
1995-10-17	211	209.00	207.00	205.00
1995-10-18	173	171.00	169.00	167.00
1995-10-19	166	164.00	162.00	160.00
1995-10-20	157	155.00	153.00	151.00
1995-10-21	137	135.00	133.00	131.00
1995-10-22	125	123.00	121.00	119.00
1995-10-23	118	116.00	114.00	112.00
1995-10-24	188	186.00	184.00	182.00
1995-10-25	426	424.00	422.00	420.00
1995-10-26	1340	1338.00	1336.00	1334.00
1995-10-27	1350	1348.00	1346.00	1344.00
1995-10-28	649	647.00	645.00	643.00
1995-10-29	1480	1478.00	1476.00	1474.00
1995-10-30	775	773.00	771.00	769.00
1995-10-31	514	512.00	510.00	508.00
1995-11-01	1660	1658.00	1656.00	1654.00
1995-11-02	1100	1098.00	1096.00	1094.00
1995-11-03	682	680.00	678.00	676.00
1995-11-04	493	491.00	489.00	487.00
1995-11-05	398	396.00	394.00	392.00
1995-11-06	346	344.00	342.00	340.00
1995-11-07	309	307.00	305.00	303.00
1995-11-08	308	306.00	304.00	302.00
1995-11-09	826	824.00	822.00	820.00
1995-11-10	2030	2028.00	2026.00	2024.00
1995-11-11	1110	1108.00	1106.00	1104.00
1995-11-12	639	637.00	635.00	633.00
1995-11-13	479	477.00	475.00	473.00
1995-11-14	410	408.00	406.00	404.00
1995-11-15	389	387.00	385.00	383.00
1995-11-16	393	391.00	389.00	387.00
1995-11-17	399	397.00	395.00	393.00
1995-11-18	350	348.00	346.00	344.00
1995-11-19	363	361.00	359.00	357.00
1995-11-20	600	598.00	596.00	594.00
1995-11-21	424	422.00	420.00	418.00
1995-11-22	350	348.00	346.00	344.00
1995-11-23	319	317.00	315.00	313.00
1995-11-24	414	412.00	410.00	408.00
1995-11-25	358	356.00	354.00	352.00
1995-11-26	299	297.00	295.00	293.00
1995-11-27	270	268.00	266.00	264.00
1995-11-28	262	260.00	258.00	256.00
1995-11-29	264	262.00	260.00	258.00
1995-11-30	307	305.00	303.00	301.00
1995-12-01	445	443.00	441.00	439.00
1995-12-02	408	406.00	404.00	402.00
1995-12-03	307	305.00	303.00	301.00
1995-12-04	268	266.00	264.00	262.00
1995-12-05	250	248.00	246.00	244.00
1995-12-06	238	236.00	234.00	232.00
1995-12-07	256	254.00	252.00	250.00
1995-12-08	252	250.00	248.00	246.00
1995-12-09	248	246.00	244.00	242.00
1995-12-10	231	229.00	227.00	225.00
1995-12-11	218	216.00	214.00	212.00
1995-12-12	225	223.00	221.00	219.00
1995-12-13	234	232.00	230.00	228.00
1995-12-14	213	211.00	209.00	207.00
1995-12-15	196	194.00	192.00	190.00
1995-12-16	190	188.00	186.00	184.00
1995-12-17	180	178.00	176.00	174.00
1995-12-18	183	181.00	179.00	177.00
1995-12-19	272	270.00	268.00	266.00
1995-12-20	499	497.00	495.00	493.00
1995-12-21	403	401.00	399.00	397.00
1995-12-22	304	302.00	300.00	298.00
1995-12-23	330	328.00	326.00	324.00
1995-12-24	321	319.00	317.00	315.00
1995-12-25	291	289.00	287.00	285.00
1995-12-26	577	575.00	573.00	571.00
1995-12-27	572	570.00	568.00	566.00
1995-12-28	427	425.00	423.00	421.00
1995-12-29	348	346.00	344.00	342.00
1995-12-30	296	294.00	292.00	290.00
1995-12-31	268	266.00	264.00	262.00
1996-01-01	237	235.00	233.00	231.00
1996-01-02	216	214.00	212.00	210.00
1996-01-03	202	200.00	198.00	196.00
1996-01-04	191	189.00	187.00	185.00
1996-01-05	180	178.00	176.00	174.00
1996-01-06	170	168.00	166.00	164.00
1996-01-07	163	161.00	159.00	157.00
1996-01-08	156	154.00	152.00	150.00
1996-01-09	158	156.00	154.00	152.00
1996-01-10	149	147.00	145.00	143.00
1996-01-11	140	138.00	136.00	134.00
1996-01-12	138	136.00	134.00	132.00
1996-01-13	130	128.00	126.00	124.00
1996-01-14	127	125.00	123.00	121.00
1996-01-15	123	121.00	119.00	117.00
1996-01-16	118	116.00	114.00	112.00
1996-01-17	115	113.00	111.00	109.00
1996-01-18	110	108.00	106.00	104.00
1996-01-19	107	105.00	103.00	101.00
1996-01-20	105	103.00	101.00	99.00
1996-01-21	105	103.00	101.00	99.00
1996-01-22	101	99.00	97.00	95.00
1996-01-23	97.5	95.50	93.50	91.50
1996-01-24	95.7	93.70	91.70	89.70
1996-01-25	94	92.00	90.00	88.00
1996-01-26	92.2	90.20	88.20	86.20
1996-01-27	90.5	88.50	86.50	84.50
1996-01-28	88.9	86.90	84.90	82.90
1996-01-29	87.2	85.20	83.20	81.20
1996-01-30	85.6	83.60	81.60	79.60
1996-01-31	88	86.00	84.00	82.00
1996-02-01	95.7	93.70	91.70	89.70
1996-02-02	130	128.00	126.00	124.00
1996-02-03	162	160.00	158.00	156.00
1996-02-04	136	134.00	132.00	130.00
1996-02-05	119	117.00	115.00	113.00
1996-02-06	108	106.00	104.00	102.00
1996-02-07	103	101.00	99.00	97.00
1996-02-08	95.7	93.70	91.70	89.70
1996-02-09	90.5	88.50	86.50	84.50
1996-02-10	110	108.00	106.00	104.00
1996-02-11	112	110.00	108.00	106.00
1996-02-12	100	98.00	96.00	94.00
1996-02-13	90.5	88.50	86.50	84.50
1996-02-14	85.6	83.60	81.60	79.60
1996-02-15	82.3	80.30	78.30	76.30
1996-02-16	82.3	80.30	78.30	76.30
1996-02-17	79.1	77.10	75.10	73.10
1996-02-18	108	106.00	104.00	102.00
1996-02-19	92.2	90.20	88.20	86.20
1996-02-20	92.2	90.20	88.20	86.20
1996-02-21	85.6	83.60	81.60	79.60
1996-02-22	82.3	80.30	78.30	76.30
1996-02-23	79.9	77.90	75.90	73.90
1996-02-24	77.4	75.40	73.40	71.40
1996-02-25	74.2	72.20	70.20	68.20
1996-02-26	74.2	72.20	70.20	68.20
1996-02-27	73.4	71.40	69.40	67.40
1996-02-28	73.4	71.40	69.40	67.40
1996-02-29	70.2	68.20	66.20	64.20
1996-03-01	67.8	65.80	63.80	61.80
1996-03-02	66.2	64.20	62.20	60.20
1996-03-03	63.8	61.80	59.80	57.80
1996-03-04	63	61.00	59.00	57.00
1996-03-05	61.5	59.50	57.50	55.50
1996-03-06	59.9	57.90	55.90	53.90
1996-03-07	58.3	56.30	54.30	52.30
1996-03-08	57.6	55.60	53.60	51.60
1996-03-09	56.9	54.90	52.90	50.90
1996-03-10	56.2	54.20	52.20	50.20
1996-03-11	61.5	59.50	57.50	55.50
1996-03-12	59.9	57.90	55.90	53.90
1996-03-13	57.6	55.60	53.60	51.60
1996-03-14	56.2	54.20	52.20	50.20
1996-03-15	53.3	51.30	49.30	47.30
1996-03-16	51.9	49.90	47.90	45.90
1996-03-17	51.2	49.20	47.20	45.20
1996-03-18	50	48.00	46.00	44.00
1996-03-19	47.5	45.50	43.50	41.50
1996-03-20	48.1	46.10	44.10	42.10
1996-03-21	48.7	46.70	44.70	42.70
1996-03-22	50	48.00	46.00	44.00
1996-03-23	47.5	45.50	43.50	41.50
1996-03-24	46.2	44.20	42.20	40.20
1996-03-25	45	43.00	41.00	39.00
1996-03-26	45	43.00	41.00	39.00
1996-03-27	48.7	46.70	44.70	42.70
1996-03-28	46.2	44.20	42.20	40.20
1996-03-29	43.8	41.80	39.80	37.80
1996-03-30	42.7	40.70	38.70	36.70
1996-03-31	42.7	40.70	38.70	36.70
1996-04-01	41.5	39.50	37.50	35.50
1996-04-02	40.4	38.40	36.40	34.40
1996-04-03	40.4	38.40	36.40	34.40
1996-04-04	40.4	38.40	36.40	34.40
1996-04-05	46.2	44.20	42.20	40.20
1996-04-06	44.4	42.40	40.40	38.40
1996-04-07	44.4	42.40	40.40	38.40
1996-04-08	41.5	39.50	37.50	35.50
1996-04-09	40.4	38.40	36.40	34.40
1996-04-10	39.2	37.20	35.20	33.20
1996-04-11	38.1	36.10	34.10	32.10
1996-04-12	43.3	41.30	39.30	37.30
1996-04-13	42.7	40.70	38.70	36.70
1996-04-14	39.2	37.20	35.20	33.20
1996-04-15	38.1	36.10	34.10	32.10
1996-04-16	37	35.00	33.00	31.00
1996-04-17	37.6	35.60	33.60	31.60
1996-04-18	68.6	66.60	64.60	62.60
1996-04-19	51.2	49.20	47.20	45.20
1996-04-20	54	52.00	50.00	48.00
1996-04-21	110	108.00	106.00	104.00
1996-04-22	55.5	53.50	51.50	49.50
1996-04-23	58.3	56.30	54.30	52.30
1996-04-24	46.9	44.90	42.90	40.90
1996-04-25	43.8	41.80	39.80	37.80
1996-04-26	39.2	37.20	35.20	33.20
1996-04-27	38.6	36.60	34.60	32.60
1996-04-28	37	35.00	33.00	31.00
1996-04-29	39.2	37.20	35.20	33.20
1996-04-30	50	48.00	46.00	44.00
1996-05-01	50.6	48.60	46.60	44.60
1996-05-02	48.1	46.10	44.10	42.10
1996-05-03	41.5	39.50	37.50	35.50
1996-05-04	51.2	49.20	47.20	45.20
1996-05-05	59.1	57.10	55.10	53.10
1996-05-06	54	52.00	50.00	48.00
1996-05-07	48.7	46.70	44.70	42.70
1996-05-08	41.5	39.50	37.50	35.50
1996-05-09	51.2	49.20	47.20	45.20
1996-05-10	45.6	43.60	41.60	39.60
1996-05-11	61.5	59.50	57.50	55.50
1996-05-12	74.2	72.20	70.20	68.20
1996-05-13	97.5	95.50	93.50	91.50
1996-05-14	131	129.00	127.00	125.00
1996-05-15	120	118.00	116.00	114.00
1996-05-16	72.6	70.60	68.60	66.60
1996-05-17	198	196.00	194.00	192.00
1996-05-18	274	272.00	270.00	268.00
1996-05-19	131	129.00	127.00	125.00
1996-05-20	88.9	86.90	84.90	82.90
1996-05-21	73.4	71.40	69.40	67.40
1996-05-22	61.5	59.50	57.50	55.50
1996-05-23	79.1	77.10	75.10	73.10
1996-05-24	64.6	62.60	60.60	58.60
1996-05-25	58.3	56.30	54.30	52.30
1996-05-26	56.2	54.20	52.20	50.20
1996-05-27	87.2	85.20	83.20	81.20
1996-05-28	75	73.00	71.00	69.00
1996-05-29	54.8	52.80	50.80	48.80
1996-05-30	51.9	49.90	47.90	45.90
1996-05-31	63	61.00	59.00	57.00
1996-06-01	75.8	73.80	71.80	69.80
1996-06-02	80.7	78.70	76.70	74.70
1996-06-03	87.2	85.20	83.20	81.20
1996-06-04	74.2	72.20	70.20	68.20
1996-06-05	73.4	71.40	69.40	67.40
1996-06-06	60.7	58.70	56.70	54.70
1996-06-07	55.5	53.50	51.50	49.50
1996-06-08	58.3	56.30	54.30	52.30
1996-06-09	63	61.00	59.00	57.00
1996-06-10	59.9	57.90	55.90	53.90
1996-06-11	59.1	57.10	55.10	53.10
1996-06-12	71	69.00	67.00	65.00
1996-06-13	75.8	73.80	71.80	69.80
1996-06-14	152	150.00	148.00	146.00
1996-06-15	141	139.00	137.00	135.00
1996-06-16	155	153.00	151.00	149.00
1996-06-17	148	146.00	144.00	142.00
1996-06-18	133	131.00	129.00	127.00
1996-06-19	126	124.00	122.00	120.00
1996-06-20	132	130.00	128.00	126.00
1996-06-21	83.9	81.90	79.90	77.90
1996-06-22	73.4	71.40	69.40	67.40
1996-06-23	67	65.00	63.00	61.00
1996-06-24	67.8	65.80	63.80	61.80
1996-06-25	69.4	67.40	65.40	63.40
1996-06-26	59.9	57.90	55.90	53.90
1996-06-27	61.5	59.50	57.50	55.50
1996-06-28	58.3	56.30	54.30	52.30
1996-06-29	56.9	54.90	52.90	50.90
1996-06-30	55.5	53.50	51.50	49.50
1996-07-01	51.9	49.90	47.90	45.90
1996-07-02	51.2	49.20	47.20	45.20
1996-07-03	51.2	49.20	47.20	45.20
1996-07-04	68.6	66.60	64.60	62.60
1996-07-05	56.2	54.20	52.20	50.20
1996-07-06	54	52.00	50.00	48.00
1996-07-07	54.8	52.80	50.80	48.80
1996-07-08	48.7	46.70	44.70	42.70
1996-07-09	54	52.00	50.00	48.00
1996-07-10	63	61.00	59.00	57.00
1996-07-11	56.2	54.20	52.20	50.20
1996-07-12	48.7	46.70	44.70	42.70
1996-07-13	57.6	55.60	53.60	51.60
1996-07-14	78.2	76.20	74.20	72.20
1996-07-15	67.8	65.80	63.80	61.80
1996-07-16	82.3	80.30	78.30	76.30
1996-07-17	67	65.00	63.00	61.00
1996-07-18	47.5	45.50	43.50	41.50
1996-07-19	45	43.00	41.00	39.00
1996-07-20	45	43.00	41.00	39.00
1996-07-21	43.3	41.30	39.30	37.30
1996-07-22	54.8	52.80	50.80	48.80
1996-07-23	75.8	73.80	71.80	69.80
1996-07-24	88	86.00	84.00	82.00
1996-07-25	75.8	73.80	71.80	69.80
1996-07-26	82.3	80.30	78.30	76.30
1996-07-27	63.8	61.80	59.80	57.80
1996-07-28	59.1	57.10	55.10	53.10
1996-07-29	59.9	57.90	55.90	53.90
1996-07-30	54	52.00	50.00	48.00
1996-07-31	54.8	52.80	50.80	48.80
1996-08-01	50.6	48.60	46.60	44.60
1996-08-02	48.1	46.10	44.10	42.10
1996-08-03	46.9	44.90	42.90	40.90
1996-08-04	65.4	63.40	61.40	59.40
1996-08-05	54	52.00	50.00	48.00
1996-08-06	69.4	67.40	65.40	63.40
1996-08-07	56.9	54.90	52.90	50.90
1996-08-08	51.2	49.20	47.20	45.20
1996-08-09	50	48.00	46.00	44.00
1996-08-10	61.5	59.50	57.50	55.50
1996-08-11	56.2	54.20	52.20	50.20
1996-08-12	51.2	49.20	47.20	45.20
1996-08-13	45	43.00	41.00	39.00
1996-08-14	46.2	44.20	42.20	40.20
1996-08-15	45	43.00	41.00	39.00
1996-08-16	46.2	44.20	42.20	40.20
1996-08-17	51.2	49.20	47.20	45.20
1996-08-18	58.3	56.30	54.30	52.30
1996-08-19	54.8	52.80	50.80	48.80
1996-08-20	48.1	46.10	44.10	42.10
1996-08-21	42.7	40.70	38.70	36.70
1996-08-22	40.4	38.40	36.40	34.40
1996-08-23	39.8	37.80	35.80	33.80
1996-08-24	39.2	37.20	35.20	33.20
1996-08-25	38.6	36.60	34.60	32.60
1996-08-26	88	86.00	84.00	82.00
1996-08-27	53.3	51.30	49.30	47.30
1996-08-28	47.5	45.50	43.50	41.50
1996-08-29	45	43.00	41.00	39.00
1996-08-30	48.1	46.10	44.10	42.10
1996-08-31	51.2	49.20	47.20	45.20
1996-09-01	55.5	53.50	51.50	49.50
1996-09-02	50	48.00	46.00	44.00
1996-09-03	69.4	67.40	65.40	63.40
1996-09-04	61.5	59.50	57.50	55.50
1996-09-05	59.1	57.10	55.10	53.10
1996-09-06	51.2	49.20	47.20	45.20
1996-09-07	53.3	51.30	49.30	47.30
1996-09-08	57.6	55.60	53.60	51.60
1996-09-09	47.5	45.50	43.50	41.50
1996-09-10	43.5	41.50	39.50	37.50
1996-09-11	46.2	44.20	42.20	40.20
1996-09-12	372	370.00	368.00	366.00